rotation:
  w: 6.123233995736764e-17
  x: 1.0
  y: -2.220446049250313e-16
  z: -1.1102230246251568e-16
translation:
  x: 799.9999999999999
  y: -1200.0
  z: 1000.0
